570.467834 266.863556
656.176636 866.072754
568.199707 366.367859
358.243927 859.281738
660.752075 667.033691
261.179291 757.442993
457.570099 861.560974
766.771362 370.836700
760.018188 669.354614
556.902344 863.830872
265.780640 558.529724
665.206360 468.110992
365.122589 560.744934
360.570496 759.743408
764.600647 470.362885
559.171326 764.332947
667.479614 368.663696
762.347595 569.845215
69.4048615 454.501892
563.710083 565.338745
367.332550 461.210724
669.700073 269.149750
263.433075 658.015930
459.888916 762.042786
868.410339 273.711456
371.977753 262.367523
662.909851 567.577271
466.710480 463.496216
164.094315 655.703308
267.970367 458.986969
374.244202 162.850693
561.448120 664.857483
464.404938 562.925049
757.715820 768.890137
658.463501 766.648560
566.049866 465.788330
462.209412 662.499329
270.225922 359.568604
859.460388 671.608154
272.732880 260.044556
768.950134 271.344421
362.910248 660.296509
471.289520 264.713074
173.398438 257.950531
469.050842 364.025085
67.0623856 554.056580
866.045227 372.983276
170.901031 357.186615
166.305496 556.151184
369.741150 361.941162
475.860809 65.8909836
856.927612 770.993591
864.042419 472.561218
161.998291 755.025024
572.570068 167.313904
473.338348 164.998718
755.296143 868.358948
258.995148 856.759583
671.779114 169.666290
168.512344 456.629700
275.096954 160.863983
317.343140 311.186279
218.108002 308.873840
605.788635 715.747070
319.620026 211.749466
903.508667 722.702271
118.874969 306.579285
114.295624 505.351593
411.936615 512.276123
310.458069 609.447571
508.856628 613.990295
608.071411 616.361816
506.632080 713.438171
414.281311 412.854187
402.720428 909.919678
504.314148 812.886597
321.955719 112.304108
116.661789 405.952728
312.747131 509.943939
513.542297 415.211182
905.847168 623.232178
702.786194 817.489258
811.140991 422.069763
215.765884 408.282776
808.926208 521.524719
610.411377 516.984070
405.128632 810.529297
804.198730 720.392029
700.499695 916.886230
409.727783 611.751465
707.272156 618.679871
603.574951 815.121887
716.498962 220.919235
714.311646 320.421783
109.661392 704.234680
615.001892 318.170105
705.098145 718.014160
511.175140 514.537903
211.285751 607.040649
806.644226 620.938904
112.080368 604.846191
407.333710 711.046570
501.906891 912.218323
315.051483 410.678680
305.764771 808.192566
421.068848 114.661667
617.224915 218.646957
213.464691 507.627350
612.661804 417.590088
208.838318 706.484375
709.714172 519.294189
712.025269 419.867004
206.594574 805.809021
813.447632 322.600769
308.144501 708.920288
416.643616 313.557953
418.905151 213.967636
801.854187 819.729980
601.148438 914.457581
518.006836 216.261169
303.664307 907.715027
912.832031 324.928131
908.074768 523.999390
520.459229 117.094833
515.908997 315.895569
220.543747 209.578110
718.682434 121.459503
910.217712 424.491974
